001
002
003
004
005
006
007
008
009
010
011
012
013
014
015
017
018
019
020
021
022
023
024
025
026
027
028
029
031
032
033
034
035
036
037
038
039
040
042
043
044
045
046
048
049
050
051
053
054
055
056
057
058
059
060
061
062
064
065
069
070
071
073
074
075
076
077
078
080
081
082
083
084
086
090
091
092
094
095
096
097
098
099
101
102
103
104
105
106
107
108
109
110
111
112
113
114
116
122
155
157
158
159
160
162
163
164
166
167
168
170
172
174
175
176
177
178
179
180
181
183
185
186
187
188
189
190
191
192
193
194
195
196
197
198
199
202
203
204
205
207
208
209
210
213
214
215
216
217
218
220
221
222
223
224
225
227
228
229
230
231
233
234
235
237
238
239
240
242
245
246
247
248
249
250
251
252
253
254
256
257
258
259
260
261
262
263
264
267
269
